id,saleprice
2658,210384.60310478485
2718,274904.83131909603
2414,152161.50636074806
1989,130795.76843312252
625,196778.66204092873
333,117942.16553405937
1327,136315.04287761048
858,177723.67394886585
95,185470.81435549032
1568,172020.11204452108
2482,165872.69735333463
1364,143014.94507807962
2584,188181.04953245708
818,294788.26858136634
2673,190963.20556158153
2089,97881.3587377209
1297,165246.7801911137
790,149393.28218681592
2616,216933.07557190952
720,193755.49298895345
222,149028.9253423788
557,119462.07770209604
1148,227128.096404341
2766,128370.53407518071
534,171288.81312301746
1452,117040.85077468646
630,180617.80750330354
2648,171002.32014656486
125,140749.21348668844
1904,67963.26334535073
1670,115573.73476819586
756,141424.9740842944
717,287791.3422712943
1032,163962.5741450619
852,210494.8523159717
1731,147932.92616070368
2639,196660.69154048612
2071,70135.08062364318
1267,71978.5408701825
1851,186963.6428902857
567,132324.08293461462
2439,201717.63896957555
1898,166389.32466934458
647,169126.861053653
2256,208012.68407839362
979,136675.06025020615
1444,195632.6530135024
2485,120116.35078619697
157,131072.5660133468
88,146466.8842505652
2003,149876.49989514644
186,200924.42134088202
1425,226930.7012110412
2695,150026.7332519695
738,115843.58315216555
395,143589.17866785356
1353,205527.36902318968
1878,165291.78379714995
390,166918.44262832386
1456,206697.46831354024
1103,283417.79695602006
1387,167968.36191624834
2070,159822.74765855703
1199,180697.13124721785
2479,167631.99920080896
501,292407.00668212026
2362,113701.67998186355
1718,180368.8648513083
2188,86949.5084575566
1483,114617.34800026579
2557,87394.43259315086
437,296204.2968025597
2224,216726.67207698897
1628,134799.32410983392
397,146638.53755369876
587,242278.47219006697
971,135934.03139175853
2611,159384.6392199531
1887,61205.31765347117
2399,248423.28473353572
2148,202163.30197640887
304,124631.01036527779
1997,144217.6276862444
2817,147623.98979937923
1431,167956.68114194862
427,292069.68923654617
263,122012.15974447146
598,180314.7821991925
2895,235042.79458781524
687,170392.92934633046
1822,135780.60109716578
2191,134468.18104316012
179,149533.52379924495
1009,171466.07882380346
2010,140018.80266287812
1991,169978.2443283821
1411,211468.46645586792
1721,217210.06401984172
1144,181544.7358668748
593,180955.8387321423
575,240782.1582733986
1249,201551.80625984873
1604,122204.15429165313
1064,357153.8827705722
1923,171333.0905966576
1988,104191.26873883061
2325,155601.7260020196
114,227510.72087675254
2700,268227.06412151793
217,261930.03583718638
343,203390.64904028235
386,214610.63504519896
2005,101522.02014134705
2908,153460.73452088368
1814,207405.35934078397
2446,408148.58441858075
208,164714.31915492774
1679,136824.214939209
822,243915.8672007837
6,185121.10436513758
1781,277293.4526282698
2397,218726.21262385254
2340,238931.8852662121
1618,161295.62476184795
2843,219813.21760251158
1061,273049.99586392776
2786,113432.0052761788
1935,136790.95125432045
1341,126527.10756668769
521,216946.94322694372
2136,138083.50027396117
996,186310.36365969898
227,157813.80216769804
135,156089.88250944315
1167,165688.40351570293
294,266438.0573430533
1776,190009.1970406428
540,156064.92761923684
1717,180371.5701327914
2303,107719.73908720494
116,181964.4639821602
127,151918.02101277577
1371,159414.24505014397
1014,217687.48586747042
1507,82957.64672553608
702,214379.49758347363
750,204361.54044510506
261,151807.15046701417
1559,99083.46541482367
577,247503.20997470696
2812,182670.55040447076
2080,185325.577825594
1368,146816.2495863099
2376,117466.95733487367
659,107098.82913389425
1235,151845.11794001173
332,117944.87081554253
1917,126311.27060302184
2094,233539.7497772668
1460,243125.04616178724
1471,207992.17668160715
1509,137958.25524678116
1922,143845.0370589313
433,381611.1540397947
460,205966.356852755
1116,220162.8062818903
1137,154449.87457380275
53,161915.45035788463
2354,239005.69537659426
1475,201936.7722471736
1761,509270.8086088548
842,137115.72998589277
2739,229363.85936351068
2509,126209.68737348932
1007,192162.73028750054
2610,187732.51381808645
1952,90390.86282182307
2719,272270.03210811416
2921,110940.89705569515
1966,170924.3086118272
292,187307.66979621566
1204,206170.02419663372
1829,243223.61526926007
2419,157279.162033952
391,172400.39203589005
798,131084.71522546504
481,165136.22791542366
193,234147.27300026157
555,136429.87136627664
899,68916.99054597059
2357,177531.4733051616
328,131926.00984447938
1356,112069.62138266476
1154,117847.02465666195
1730,161415.9276750759
2249,120344.7244390281
1119,205937.23803849844
2856,170401.33367483632
1394,155594.81158740178
2587,100237.74986069501
61,301423.87561071466
2661,238061.18446687044
2711,122441.79926367127
1147,184543.36906442558
757,139928.99429146014
2623,72055.1830039928
2378,162064.09585141955
1413,134277.2484152361
1722,190301.50968125998
1112,206788.92330538284
1623,189491.70109417068
1201,202370.34684710795
1513,157181.4060812503
957,296254.08431950986
1171,219136.65115715138
1145,187002.94197183545
2726,257123.47533420252
703,147899.28811061574
760,120798.78386564879
1964,141391.7761881961
2512,150723.7841110581
159,148614.44831370568
1281,187792.54993224062
468,164576.05029056448
290,119014.56833387252
665,108353.40914305414
1463,250053.0283111951
1792,214241.38520143263
923,178278.96785510037
500,265880.85447595327
1408,216819.87579062686
331,85856.25023380142
170,190087.3196998278
2192,101001.10818650332
2571,328930.7349597114
2314,154997.9350093852
2647,110883.49059178094
422,334133.48046374065
2457,293321.36527235893
1838,187355.60309971706
2805,213087.85982230573
1645,177934.2564700787
1711,259651.60024492414
2825,249747.98232558064
322,287804.99579365976
2103,229841.0635114949
342,122675.80715046974
600,123732.57381415235
488,203383.9545566244
1725,263260.88666013774
2246,222794.24888432032
2847,177613.3312565943
806,229886.99836605892
530,222617.3658090941
963,197197.25904668772
2678,129109.2272746946
171,124230.13767546313
2401,329880.56936353364
805,215247.5487323532
2259,211734.74899194093
1748,126510.04889409148
1361,165665.97897862535
1677,132730.9247272117
1406,150797.60504428408
2322,208978.61031732205
688,190209.50036579987
143,186384.41247358505
804,184778.0367552993
1214,182125.7737737029
2828,109632.00679463358
1999,254270.44995212485
2467,166054.7228927482
2665,169333.3690133433
1538,317899.42862766376
398,119892.21745791518
2822,158957.5765874312
2157,112793.98828062997
1856,194328.30085845786
1269,76368.30894340944
2570,140148.9172644403
2320,192728.10329906677
1517,154619.53853563796
2304,130820.96940909995
1312,96207.18828224574
2012,135916.85754504212
506,206814.2517581191
2865,239297.9918136905
2367,99813.8764850661
554,107771.99830432868
238,161268.74584297615
1954,121270.83689471762
2488,122321.31276736099
2291,112645.22439007284
1969,64478.174182301984
2725,181211.4091776656
1482,114620.05328174893
2763,167788.77484956157
503,230271.42039401442
1584,200391.11464989738
1531,171690.58459662946
2210,211371.54559740497
459,268879.18462570757
556,136427.1660847935
1347,217014.60612238522
1290,89403.43779363474
1388,137978.28534454215
1571,232898.3683667453
2754,175876.7289975789
765,161012.88202558347
2494,137618.33795368898
2870,250876.71711444005
7,190261.789327957
1114,222361.62845277225
2418,249278.42338820908
291,209211.58018596732
18,265977.8454249961
39,277554.5836269584
1001,236705.77847105393
2442,237547.62445495123
616,136785.5074072475
2680,61498.18497951496
1414,157828.52596078356
289,197921.71968990512
40,220295.3677877216
860,123029.20062853616
409,133607.83877120537
673,163384.73877901136
2427,155054.42979532905
2036,211159.76669967073
2564,173858.5631205133
642,265752.02418479434
1008,185097.9536956639
1908,205787.47520667486
2519,168404.69586795726
1369,81905.18643282086
2855,184866.49064479937
712,97601.84438172894
1943,174939.70745882866
1958,147549.56037925876
107,105668.8335420865
2295,199979.89620598088
704,162353.68857895798
676,149895.39832163262
259,182851.29068667727
93,265494.95795166807
106,207863.73182680708
2315,186033.0310045587
1050,120403.98577027004
1095,163946.1904709136
2709,142885.80005592245
758,210323.23943277984
1496,148628.98099816224
2370,130856.16465939628
2458,230716.38026270538
2733,159763.93065755017
161,282338.90231644415
726,164410.95404303988
845,201593.91541416338
947,230742.18555036036
2232,163389.40335814987
2563,168295.96078156814
2299,209772.10821723292
211,138288.74350500136
605,240220.1768407647
1478,171074.66645137744
2247,222791.5436028372
2274,218346.13728916453
2869,213608.1900068146
967,214933.40968850048
2656,157440.74099765014
667,280644.1533234726
1042,103398.37445022551
2023,187021.55348516197
2447,320071.3300942857
2055,116144.10730313952
2275,245315.78395396896
2204,163799.12786726299
1563,227712.73238838627
483,185464.6167693177
796,145867.59192525205
1526,181599.55655311813
2042,202710.67332698946
442,255603.39890066916
1693,269262.3831531352
1468,205158.11418380163
1430,201067.01655318838
2605,245739.0339245489
1529,165209.63492937756
335,167440.34092233086
1287,149334.73252841135
31,117395.09317040673
1785,242188.0457756869
82,163736.88631853345
2620,170264.64547558158
252,173221.5220254844
721,99528.02128211921
2165,183253.97236312093
2316,163259.128907229
775,117994.96169560545
1558,121140.914153305
17,173280.87906912644
1022,252440.91221687384
925,148756.65758644827
438,243996.3682557505
1270,183496.64176325832
1272,141362.8742476682
215,186185.4700034646
266,203678.23158264928
2402,211594.94311736355
1250,130455.33240071902
1984,140094.315683241
1279,170113.94833334297
377,278596.8580149305
1252,134604.944335156
2156,237899.8121614433
499,285131.14795842796
1374,140975.90141896182
2898,270091.93594051385
401,119884.10161346575
2721,207460.12610552635
2078,269510.0588441364
2589,142040.61430967745
1946,283429.28889949893
1334,131845.65006075552
2781,212441.50892085396
431,287932.4861712969
576,172345.0108249473
1474,185217.67615836556
2254,118480.4279316573
2155,229977.76533319685
885,83746.34144258515
643,148182.4567190326
1944,116832.57978243259
480,177829.6352983169
2845,130403.59479139416
2387,256491.39511532904
2407,188155.93698425422
2527,148861.6632532761
2514,110027.39497651253
629,196475.38603394074
80,200845.86397072903
1876,167073.41561053385
1546,125800.38789941702
2518,164459.26025519223
2347,142016.81753297098
783,205564.79415989207
1322,126276.15031338294
194,105967.57826823229
1770,274303.71971730096
2143,115171.50126983729
1229,195340.01848934515
511,242125.11581254116
46,193080.83216066877
1348,196995.67667091647
2465,163281.5026256746
387,203901.6224606656
873,199470.98336524752
1918,136836.94103953382
2764,201766.28321764007
2184,129098.4190196887
934,128424.86884211263
1920,143850.44762189756
2631,139935.95980558413
1768,499366.2436914022
2040,163997.65551780025
1749,204125.8144484422
834,229450.04137576616
1457,247964.4621654791
79,103858.08419895759
2302,107722.4443686881
1817,116119.92592252961
2755,223186.44939793838
359,162788.9430601772
2059,118860.18308027473
2092,216730.63709804014
2516,217106.54940813401
150,136817.49754688822
1656,172474.22352864745
83,129654.74685530539
2411,180541.28895088076
795,61152.42653104557
2312,232714.8477401005
2917,78860.39231840346
1624,161334.53106006875
2215,310900.6492798171
1211,157466.68743566005
1485,114611.93743729951
1024,168939.6331125853
570,169537.99533714243
2874,147214.523180127
700,250077.40095576408
2756,206221.36101524092
2022,244608.95133015595
583,234815.23836364236
2392,253355.9774498861
2424,192303.14148755997
212,185911.4823704611
736,159612.52017944682
1610,201141.09312256845
890,151467.03498714644
467,162169.51903428126
578,221625.70577383405
1747,135083.40276109625
1149,166846.74364086037
2758,256453.54386469824
857,118650.49325715429
2219,265660.8475657318
733,131853.962927502
2909,109885.51679913036
1798,219647.5526341552
235,187977.18311354244
2366,148854.81773031753
1027,144921.6925956247
1195,125811.55932945834
1303,50617.99739451085
148,203442.30730156926
608,181909.4528923157
2515,162458.87443392933
821,230238.45812179742
2500,267962.0708012228
745,135835.83387312802
741,177915.007722777
1611,184044.85572157352
2532,131081.52987411048
1081,201866.70399193006
1692,331533.2212983503
2520,139302.7299214599
276,129118.1139221226
1992,154470.47899074724
663,68538.17331572573
418,115743.7434934765
1733,177179.81182357424
2359,149535.51875560184
253,172633.90698189044
1518,215437.71603010636
2035,151537.31825212343
2919,110946.30761866143
1540,220133.7984255553
2120,138337.6583473276
1674,185605.85765503626
256,145038.991504609
2361,114581.74990651294
978,84105.93311421036
2280,124289.96399869132
2095,202460.81607273134
1709,264373.5633295459
2801,229448.782583002
1246,109707.4272519581
2373,99797.64479616725
1055,223106.1498223883
2017,142387.5251477508
1099,246565.0138036196
1344,56660.16849478858
835,230953.468703037
1117,199704.88504882506
2043,101020.03187300073
2085,140771.98224768083
410,171552.36509434975
2650,120412.56656461355
2867,178517.01885988994
1668,129032.06985971145
1161,133674.63652876526
2122,164360.73219829367
2539,154605.21082868974
1047,148113.11508353835
1445,127880.61834411896
541,156062.2223377537
569,245477.66805918416
1276,112837.70221883224
918,130920.14947019264
326,190276.16917800187
1936,124651.36840903739
895,120302.4218471275
257,128871.85267375247
1241,209481.01008385292
1545,123207.87909773013
1189,175365.95137266972
270,117898.85443931363
2066,248319.99325983814
693,121298.48724720057
1259,165869.2256004485
2916,168980.4983698988
2321,278547.2893667594
1977,138724.51359941653
1895,174569.2420010351
1240,175666.66433861273
85,160303.19865609217
1823,148274.96898978055
825,261162.589338604
110,212502.17117646095
697,114473.2090037193
2297,104811.42196554958
1231,158582.40133021894
1355,170632.67602296802
968,260775.7340865151
584,209884.04636153879
1315,153384.21386457322
1606,109605.32028095296
206,113392.71435734782
1685,253930.19825432432
2016,167815.32259867777
869,205573.95952331883
2135,117631.29906387557
2346,167908.36356656684
2430,198042.13282624076
2198,102691.58537712571
2652,127832.34728557957
27,123527.97081765858
241,171204.095954411
906,149273.1835805106
1506,114132.53612526754
2098,314014.4197489221
1435,198096.842612251
2213,88280.91277355357
1274,148346.6185640116
743,74784.14338310044
1737,185874.1072431816
2797,237799.20971921505
2185,82342.5436510543
58,135633.19827932
830,172535.2339713962
808,117194.83534174788
680,225996.7761996198
1153,121651.64339186554
1291,156755.37700510584
1818,153879.348975577
2161,156676.77503410954
1883,145266.59000152312
350,342071.1123797603
2473,153321.48500129985
295,237793.34131894336
293,244932.27744166664
859,118645.08269418801
288,120189.79842106048
1578,128595.38377434062
102,166341.93686269585
2831,188870.2744942407
1030,202994.39506664284
2551,170219.08358735702
1286,158447.93112768955
958,228925.20486630575
776,116985.59951273898
72,209095.5133001552
2263,218229.66794495133
1866,140718.2870614164
2876,80579.81070501698
2146,248504.49894113472
103,154639.79849894228
1500,113224.62060424243
492,184055.41393877714
167,165993.87148463805
2597,109410.25282013309
2685,137038.53036136788
1035,145952.16685342035
1220,49843.70047498984
2602,160283.42703318683
2159,200497.2216467762
695,213877.55200082646
1109,243934.16714366945
640,193684.24174991035
1652,141066.00448671385
2090,208827.6118135607
1188,245850.2829885089
2345,223842.4188775054
1059,335266.40532026574
2751,224614.08532087062
128,268341.5327510362
1523,208907.58742958543
2925,165697.84973999794
2145,281280.4631463493
1121,191635.2384315846
566,326698.0256589388
565,199063.72544530933
1331,198792.68222230152
2928,124780.5398324379
156,153009.38737398642
797,181820.69098815494
327,117958.39722295821
2859,165934.0971035386
1453,104755.0404888757
1762,312742.1908830242
1868,193432.70799811056
1760,184601.2485367714
1113,221779.42397214455
1812,193762.83938467497
117,174447.33472341707
1142,219451.88741249806
2342,274901.5196731965
927,154725.52880420655
2478,198344.32375319157
655,108668.5843987533
2064,122404.13565233533
369,217358.14601238086
2239,136553.45544555696
2732,199706.0529470893
1653,160707.34394282213
959,184498.44690565893
2395,278780.60515678895
1412,117149.06203401204
271,237088.13891021116
1484,114614.64271878265
1497,156108.0671693714
552,146088.7198392346
2,124733.40877441788
1855,311615.3161635932
4,303157.4892597983
2292,141577.91311231215
134,179682.29774265864
646,139839.37676450372
42,242808.98306602263
532,220280.41626276652
713,158513.58700971268
2561,155119.85841612896
2360,148509.2213904247
1333,133011.36674616544
1407,241375.8247738953
2892,270124.79335170996
574,197414.25034385902
1227,190737.52008640152
2591,213676.07386009966
1476,200618.02000094106
1125,221876.7325494306
1446,134750.60276743816
408,140262.62770427892
1101,244659.5748938333
2251,195270.24333526392
373,198322.36973560243
2554,133414.00557692372
2382,224780.42915326013
1985,119014.29538172277
519,184457.84838821756
1093,198109.1273484699
864,239161.34032326736
2889,131741.49087275862
2308,239463.32579552382
986,154357.9138856124
1302,171652.49220470042
585,153382.9448508403
2708,142888.814797419
147,170581.02777065983
1441,209193.89640345811
383,196073.46600531525
285,196864.24726705323
181,160797.44375891468
358,157299.34227070253
780,214420.656602368
258,188473.42807724152
1865,251004.72848043917
692,145366.77410834128
2902,272934.0391388788
508,241255.86701382435
2638,201779.50048035866
36,168399.86508493152
611,183618.25810782987
2281,142093.13609696747
1678,132728.21944572858
1696,363212.6817035745
1557,98794.64945508074
2180,150839.06643384963
1726,183564.22629105276
951,125903.36397153069
267,231968.25765239075
2706,167893.94198882236
2221,234018.3205665282
1357,232875.53877814225
2901,258316.47604769823
347,150943.19850903572
2164,161420.76859916403
1586,270438.94539857307
360,167080.5634642104
1769,225998.39785761418
2617,107180.8545001854
1879,242226.20419732723
991,242271.4712404273
1535,159564.06841096867
1191,229026.0114833729
1579,173071.64481755398
1882,129622.95914654134
1510,171136.26676295174
2196,283526.6950810828
1845,161626.63123758422
2336,305751.96688627725
942,127669.61370750173
861,104601.83784056158
2555,136202.61898603008
1392,193095.20929755614
2099,229851.88463742746
1543,107843.79618145648
948,259863.3274981106
1239,189372.60836314398
22,158299.01172400534
2796,228924.63047823805
2747,177000.22044304723
92,265247.434137079
210,222557.50059686785
1858,163507.1031489538
2228,136713.74364014217
447,213052.76572192015
827,226939.95769215364
1649,197687.43443481892
682,168445.71913956525
2698,131217.3629100202
494,134453.6955526713
214,193089.2501925567
2441,243967.09247732954
2679,119757.78340144036
1336,129783.99587158591
465,158989.93951017878
1524,139290.7177364835
2543,114089.38867658161
631,161829.4599481509
2452,274479.76804890187
228,150304.54863245023
126,246968.56263727022
1092,189731.46301632968
1122,192217.13345219893
932,232103.05905911786
1980,116000.11458465339
2171,129133.58767896952
551,150828.37098956484
2768,190103.87917939518
2056,119793.6839747017
1159,337954.2963471273
2645,206962.6660383996
1174,149208.24567470443
2266,203130.67292014085
2462,334775.2750242783
1219,154812.95125429615
2922,239404.59561041306
118,174461.3943873913
474,160776.52685348302
2576,189892.15602151936
872,259183.43316888774
1077,187952.0479031089
1536,150007.23612989287
1150,135405.13864591968
2341,254527.1862543692
1931,139313.85785193683
2785,129081.04669412685
2538,141447.446462679
597,236187.90490118336
464,175147.260739033
233,204377.2265395096
2169,125629.53966927077
2123,136435.4790147395
1867,178942.18582662658
137,300093.295382025
515,202210.68992168095
933,109494.01788617138
2784,155918.23190173175
972,168056.71566601458
599,191193.84012570756
2614,113897.31369127873
2582,125535.85050042823
1409,202409.09866459644
175,179159.00298140623
352,205902.97354283714
976,84111.34367717664
2134,178979.4831945002
984,113773.8718524366
2396,269294.8325466766
1673,99400.87591435963
404,154162.58000023663
607,184982.93442488075
814,163370.8316220818
868,187036.8650822835
2271,206509.83045086946
1633,237366.006703467
337,270355.87000356
2765,221208.25322934164
1746,213632.9734100982
368,292814.2106061622
2806,190293.5333640913
1662,213091.35674410107
1234,224569.50450736412
1373,151171.99229238802
1672,116445.68884839585
1939,124513.34138634411
